2496.0 641.5 2194.5 3166.0 1255.5 2574.0 973.5 1530.0 2664.5 3182.0 640.5 1435.5 2418.5 1907.5 2394.0 3241.0 2014.5 2038.0 431.0 1109.0 38307.0
2527.0 652.0 2101.0 3172.0 1280.0 2527.0 1014.5 1482.0 2638.0 3439.0 615.5 1511.0 2362.5 1919.5 2280.0 3227.5 2058.0 2013.5 385.0 1102.0 38307.0
2621.5 670.5 2082.0 3052.5 1218.0 2782.0 977.5 1504.0 2583.0 3376.5 633.5 1447.0 2429.5 1883.5 2384.5 3198.5 1960.0 2050.5 423.5 1029.0 38307.0
2643.5 653.5 2058.0 2978.0 1359.0 2637.5 952.5 1577.5 2514.0 3561.0 656.5 1450.5 2371.5 1853.0 2317.5 3134.5 2003.0 2069.5 439.0 1077.5 38307.0

0.06515780405669983 0.016746286579476338 0.05728717988879317 0.08264807998538126 0.03277468869919336 0.06719398543347169 0.025413109875479678 0.039940480852063594 0.06955647792831597 0.08306575821651395 0.016720181690030544 0.037473568799436134 0.06313467512465085 0.04979507661785052 0.06249510533322891 0.08460594669381576 0.0525882997885504 0.05320176469052654 0.011251207351136869 0.028950322395384656 0.9999999999999998
0.0659670556295194 0.017020387918657166 0.054846372725611506 0.08280470932205602 0.033414258490615294 0.0659670556295194 0.0264834103427572 0.03868744615866552 0.06886469835800245 0.0897747148040828 0.016067559453885712 0.03944448795259352 0.06167280131568643 0.05010833529120004 0.05951914793640849 0.08425353068629754 0.0537238624794424 0.0525621948991046 0.010050382436630381 0.028767588169264103 0.9999999999999999
0.06843396768214687 0.017503328373404337 0.05435037982614144 0.07968517503328373 0.03179575534497611 0.07262380243819667 0.02551752943326285 0.03926175372647297 0.06742892943848383 0.08814315921372073 0.01653744746390999 0.037773775028062756 0.06342182890855458 0.049168559271151484 0.06224710888349388 0.08349648889236955 0.05116558331375467 0.05352807580859895 0.011055420680293419 0.0268619312397212 0.9999999999999999
0.06900827524995432 0.017059545252825853 0.0537238624794424 0.07774036076957214 0.035476544756832956 0.06885164591327955 0.024864907197118022 0.041180463100738765 0.0656276920667241 0.09295951131646958 0.017137859921163234 0.037865142141123034 0.061907745320698565 0.04837236014305479 0.060498081290625734 0.08182577596783877 0.052288093559923775 0.05402406870806902 0.011460046466703214 0.02812801837784217 0.9999999999999999

27006 6985 22857 33416 14013 28166 10609 16129 28431 35954 6755 16149 26486 20455 25003 34641 21254 21777 4502 11827 412415.0
27050 7021 22750 33179 14094 28210 10601 16416 28310 36037 6861 16007 26398 20332 24937 34627 21283 21953 4486 11863 412415.0
27066 7207 22524 33060 14154 27995 10550 16583 28223 36200 6964 15943 26178 20311 24975 34490 21369 22167 4565 11891 412415.0
27260 7362 22395 32503 14286 28234 10583 16694 27951 36503 7054 15876 26048 20110 25031 34274 21349 22406 4658 11838 412415.0

0.06548258429009614 0.016936823345416633 0.05542232944970479 0.08102518094637683 0.03397791059975995 0.06829528508904865 0.025724088600075166 0.03910866481578022 0.06893784173708521 0.08717917631511948 0.016379132669762254 0.03915715965714147 0.06422171841470363 0.04959809900221864 0.060625825927766934 0.08399548997975341 0.051535467914600584 0.052803608016197275 0.01091618879041742 0.028677424438975304 1.0
0.06558927294109089 0.017024114059866882 0.055162882048422096 0.08045051707624601 0.034174314707273015 0.0684019737400434 0.025704690663530667 0.03980456578931416 0.06864444794684965 0.08738042990676867 0.01663615532897688 0.038812846283476594 0.06400834111271414 0.04929985572784695 0.060465792951274806 0.08396154359080053 0.0516057854345744 0.05323036262017628 0.01087739291732842 0.028764715153425553 1.0000000000000002
0.06562806881417989 0.01747511608452651 0.05461489034103997 0.08016197277014657 0.034319799231356765 0.06788065419540996 0.02558102881805948 0.0402094977146806 0.06843349538692821 0.08777566286386286 0.016885903761987318 0.038657662791120595 0.06347489785774038 0.04924893614441764 0.06055793314986118 0.08362935392747596 0.051814313252427774 0.053749257422741656 0.011068947540705358 0.028832607931331303 0.9999999999999999
0.06609846877538401 0.017850951105076198 0.05430209861425991 0.07881139143823576 0.034639865184341014 0.0684601675496769 0.02566104530630554 0.040478644084235536 0.06777396554441521 0.08851035971048579 0.017104130548112946 0.03849520507256041 0.06315968138889226 0.04876156298873707 0.06069371870567268 0.08310560964077446 0.051765818411066526 0.054328770777008595 0.01129444855303517 0.028704096601723992 1.0



10328.0 2681.0 8009.5 11268.5 4646.5 9630.5 4342.0 5280.5 9526.5 13417.5 2264.0 5452.5 9523.5 7695.0 8801.5 12319.0 7464.5 8515.5 1503.5 3790.5 146460.0
10053.5 2680.5 8040.0 11576.0 4598.5 9553.0 4199.0 5191.5 9503.5 13122.5 2339.5 5361.5 10630.5 7575.5 8941.0 12388.0 7478.5 7738.0 1563.0 3926.5 146460.0
9922.5 2799.5 8241.0 11353.5 4528.0 9585.0 4308.0 5238.5 9978.0 12946.5 2268.5 5477.5 9487.5 7495.5 9719.5 12484.0 7675.5 7510.5 1466.5 3974.5 146460.0
10031.0 2669.0 8006.0 11546.0 4604.0 10368.5 4021.0 5339.5 9706.5 12806.0 2431.5 5643.5 9706.0 7516.5 9262.5 12305.0 7353.5 7774.5 1490.0 3879.5 146460.0

0.07051754745322955 0.018305339341799808 0.05468728663116209 0.07693909599890755 0.03172538577085894 0.06575515499112386 0.029646319814283763 0.03605421275433565 0.06504506349856616 0.09161204424416222 0.015458145568755974 0.03722859483818107 0.065024580090127 0.052539942646456374 0.06009490645910146 0.08411170285402157 0.05096613409804725 0.0581421548545678 0.01026560152942783 0.025880786562884065 0.9999999999999999
0.06864331558104601 0.01830192544039328 0.05489553461696026 0.07903864536392188 0.03139765123583231 0.06522600027311211 0.028669944012016932 0.03544653830397378 0.0648880240338659 0.08959784241431107 0.015973644681141607 0.03660726478219309 0.07258295780417862 0.051724020210296325 0.0610473849515226 0.08458282124812236 0.05106172333743002 0.052833538167417725 0.010671855796804589 0.02680936774545951 0.9999999999999999
0.06774887341253584 0.019114433975146797 0.05626792298238427 0.0775194592380172 0.03091629113751195 0.06544448996312986 0.029414174518639903 0.035767445036187354 0.06812781646866038 0.08839614911921344 0.015488870681414722 0.037399289908507445 0.06477877918885702 0.05117779598525195 0.06636282944148574 0.0852382903181756 0.052406800491601804 0.051280213027447764 0.010012972825344805 0.02713710228048614 1.0000000000000002
0.06848969001775229 0.018223405708043153 0.054663389321316404 0.07883381127953025 0.03143520415130411 0.07079407346715827 0.027454595111293185 0.036457053120305886 0.06627406800491602 0.08743684282397925 0.016601802539942645 0.03853270517547453 0.06627065410350949 0.0513211798443261 0.06324252355591971 0.08401611361463882 0.05020824798579817 0.053082752970094224 0.010173426191451592 0.026488461013245937 1.0

226557 63034 162032 242593 104534 216450 86357 118416 192821 302611 55886 113124 208494 155838 188876 270597 162894 179147 36350 81768 3168379.0
225423 62914 162514 242483 104531 217245 86355 119058 194424 301793 55776 113184 208840 157010 189046 268709 162145 178887 36076 81966 3168379.0
224824 62940 163418 242879 104725 217424 85802 118806 194844 301667 55756 113240 208331 157818 188931 268241 162095 178494 35886 82258 3168379.0
224647 62818 163944 244009 104406 218333 84365 118784 194925 300494 55600 113253 208845 158997 188755 267814 162219 178201 35674 82296 3168379.0

0.07150565005007292 0.019894715878371876 0.05114034653051292 0.0765669132385993 0.03299289636751159 0.06831569076805522 0.027255893313268394 0.03737431664583057 0.06085793397822672 0.09550972279515803 0.01763867264617017 0.03570406191936003 0.065804627539824 0.04918540364015795 0.05961281778474103 0.08540550230890938 0.05141240994211867 0.05654216241175693 0.01147274363325852 0.02580751860809581 1.0
0.0711477383229721 0.01985684162153581 0.051292474795471124 0.0765321951698329 0.03299194951109069 0.06856660771959415 0.02725526207565446 0.03757694391990352 0.06136387092579518 0.09525154661105883 0.017603954577403776 0.03572299904777806 0.06591383164703465 0.049555308881923534 0.059666472981925456 0.08480961400135527 0.05117601145570022 0.05646010152194545 0.011386264080149502 0.02587001113187532 1.0000000000000002
0.07095868265759873 0.019865047710516955 0.05157779419696949 0.07665718021739192 0.03305317955964233 0.06862310348604128 0.027080724875401585 0.03749740798054778 0.061496430824721414 0.09521177864138097 0.017597642201264432 0.03574067370096822 0.06575318167428834 0.049810328877953045 0.05963017681912423 0.0846619043996946 0.05116023051535186 0.05633606333080733 0.01132629650682573 0.02596217182350975 1.0
0.07090281812876553 0.019826542216066955 0.05174380968943425 0.07701382946926488 0.032952497160219786 0.06891000098157449 0.026627180649789688 0.037490464366794506 0.06152199594808576 0.09484155778080842 0.017548405667377545 0.0357447767454588 0.06591540974106949 0.0501824434513674 0.059574627909097996 0.0845271351691196 0.05119936724741579 0.056243587020365936 0.01125938531974868 0.025974165338174506 1.0

